50    0    100    150    2.03E-01
50    0    150    200    6.22E-02
50    0    200    250    5.80E-02
50    0    250    300    1.54E-02
50    0    300    350    1.26E-02
50    0    350    450    1.46E-02
50    0    450    550    9.34E-03
50    0    550    650    2.86E-03
100    50    150    200    3.95E-01
100    50    200    250    2.03E-01
100    50    250    300    4.26E-02
100    50    300    350    3.02E-02
100    50    350    400    1.81E-02
100    50    400    500    2.31E-02
100    50    500    600    1.05E-02
150    100    200    250    6.06E-01
150    100    250    300    1.61E-01
150    100    300    350    5.34E-02
150    100    350    400    2.35E-02
150    100    400    450    1.88E-02
150    100    450    550    1.98E-02
150    100    550    650    4.50E-03
150    100    650    750    1.70E-03
200    150    250    300    1.55E-01
200    150    300    350    1.02E-01
200    150    350    400    2.44E-02
200    150    400    450    1.65E-02
200    150    450    500    1.24E-02
200    150    500    600    8.75E-03
250    200    300    350    1.56E+00
250    200    350    400    2.18E-01
250    200    400    450    9.16E-02
250    200    450    500    3.40E-02
250    200    500    550    3.05E-02
250    200    550    650    1.12E-02
250    200    750    850    1.38E-03
300    250    350    400    3.33E-01
300    250    400    450    9.75E-02
300    250    450    500    4.01E-02
300    250    500    550    1.52E-02
300    250    550    600    5.44E-03
350    300    400    450    5.04E-01
350    300    450    500    9.91E-02
350    300    500    550    4.97E-02
350    300    550    600    9.27E-03
350    300    600    650    5.33E-03
350    300    650    750    3.75E-03
350    300    750    850    1.27E-03
400    350    450    500    3.11E-01
400    350    500    550    7.85E-02
400    350    550    600    1.76E-02
400    350    600    650    4.06E-03
400    350    650    700    3.42E-03
400    350    700    800    3.00E-03
400    350    800    900    1.16E-03
450    400    500    550    3.35E-01
450    400    550    600    4.22E-02
450    400    600    650    1.05E-02
450    400    650    700    6.98E-03
450    400    700    750    2.85E-03
500    450    550    600    2.01E-01
500    450    600    650    2.86E-02
500    450    650    700    1.15E-02
500    450    700    750    4.61E-03
500    450    750    800    2.88E-03
550    500    600    650    3.88E-02
550    500    650    700    5.27E-02
550    500    700    750    1.86E-02
550    500    750    800    7.46E-03
550    500    800    850    5.52E-03
550    500    850    950    5.08E-03
550    500    950    1050    2.56E-03
550    500    1050    1150    1.62E-03
600    550    650    700    1.30E-01
600    550    700    750    5.09E-02
600    550    750    800    1.34E-02
600    550    800    850    6.87E-03
600    550    850    900    4.22E-03
600    550    900    1000    3.63E-03
600    550    1000    1100    2.23E-03
600    550    1100    1200    7.25E-04
650    600    700    750    6.06E-01
650    600    750    800    8.35E-02
650    600    800    850    2.44E-02
650    600    850    900    9.11E-03
650    600    900    950    4.49E-03
650    600    950    1050    4.64E-03
700    650    750    800    2.43E+00
700    650    800    850    4.27E-01
700    650    850    900    1.23E-01
700    650    900    950    3.36E-02
700    650    950    1000    1.89E-02
700    650    1000    1100    1.98E-02
750    700    800    850    8.65E-01
750    700    850    900    1.65E-01
750    700    900    950    3.68E-02
750    700    950    1000    1.57E-02
750    700    1000    1050    1.19E-02
750    700    1050    1150    7.25E-03
750    700    1150    1250    1.59E-03
800    750    850    900    6.64E-01
800    750    900    950    9.87E-02
800    750    950    1000    2.86E-02
800    750    1000    1050    1.20E-02
800    750    1050    1100    9.07E-03
800    750    1100    1200    3.54E-03
800    750    1200    1300    1.37E-03
850    800    900    950    3.61E-01
850    800    950    1000    6.83E-02
850    800    1000    1050    2.18E-02
850    800    1050    1100    1.01E-02
850    800    1100    1150    4.31E-03
850    800    1150    1250    2.48E-03
850    800    1250    1350    8.40E-04
900    850    950    1000    1.27E-01
900    850    1100    1150    4.16E-03
900    850    1150    1200    2.26E-03
900    850    1200    1300    2.00E-03
900    850    1300    1400    6.18E-04
950    900    1000    1050    1.12E-01
950    900    1050    1100    5.08E-02
950    900    1100    1150    1.06E-02
950    900    1150    1200    2.65E-03
950    900    1200    1250    2.89E-03
950    900    1250    1350    1.83E-03
1000    950    1050    1100    9.00E-02
1000    950    1100    1150    1.58E-02
1000    950    1150    1200    5.00E-03
1000    950    1300    1400    1.44E-03
1000    950    1500    1600    7.61E-04
1000    950    1200    1250    3.96E-03
1050    1000    1100    1150    4.96E-02
1050    1000    1150    1200    1.45E-02
1050    1000    1200    1250    9.32E-03
1050    1000    1250    1300    4.61E-03
1050    1000    1300    1350    2.68E-03
1050    1000    1350    1450    1.85E-03
1050    1000    1450    1550    1.09E-03
1050    1000    1550    1650    2.06E-03
1100    1050    1150    1200    7.37E-02
1100    1050    1200    1250    4.83E-02
1100    1050    1300    1350    5.24E-03
1100    1050    1350    1400    4.57E-03
1100    1050    1400    1500    2.52E-03
1150    1100    1200    1250    2.26E-01
1150    1100    1250    1300    2.78E-02
1150    1100    1300    1350    8.55E-03
1150    1100    1350    1400    5.00E-03
1150    1100    1400    1450    1.43E-03
1150    1100    1450    1550    2.78E-03
1200    1150    1250    1300    2.15E-01
1200    1150    1300    1350    3.31E-02
1200    1150    1350    1400    1.34E-02
1200    1150    1400    1450    2.89E-03
1200    1150    1450    1500    3.25E-03
1200    1150    1500    1600    5.13E-03
1200    1150    1600    1700    4.21E-03
1200    1150    1700    1800    3.10E-03
1250    1200    1300    1350    2.73E-01
1250    1200    1350    1400    7.24E-02
1250    1200    1400    1450    9.31E-03
1250    1200    1450    1500    6.45E-03
1250    1200    1500    1550    4.53E-03
1250    1200    1550    1650    1.09E-02
1250    1200    1650    1750    6.00E-03
1250    1200    1750    1850    3.95E-03
1300    1250    1350    1400    2.93E-01
1300    1250    1400    1450    2.30E-02
1300    1250    1450    1500    1.00E-02
1300    1250    1500    1550    4.54E-03
1300    1250    1550    1600    6.93E-03
1300    1250    1600    1700    8.27E-03
1300    1250    1700    1800    4.77E-03
1300    1250    1800    1900    2.65E-03
1350    1300    1400    1450    1.65E-01
1350    1300    1450    1500    2.74E-02
1350    1300    1500    1550    7.88E-03
1350    1300    1550    1600    7.48E-03
1350    1300    1600    1650    7.16E-03
1350    1300    1650    1750    6.65E-03
1350    1300    1750    1850    2.95E-03
1400    1350    1450    1500    2.43E-01
1400    1350    1500    1550    3.44E-02
1400    1350    1550    1600    2.07E-02
1400    1350    1600    1650    1.14E-02
1400    1350    1650    1700    7.92E-03
1400    1350    1700    1800    8.46E-03
1400    1350    1800    1900    4.03E-03
1450    1400    1500    1550    4.07E-02
1450    1400    1550    1600    1.49E-02
1450    1400    1600    1650    8.99E-03
1450    1400    1650    1700    3.73E-03
1450    1400    1700    1750    2.80E-03
1450    1400    1750    1850    2.71E-03
1500    1450    1550    1600    1.27E-01
1500    1450    1600    1650    3.91E-02
1500    1450    1650    1700    1.66E-02
1500    1450    1700    1750    1.17E-02
1500    1450    1750    1800    6.48E-03
1500    1450    1800    1900    7.85E-03
1550    1500    1600    1650    2.32E-01
1550    1500    1650    1700    5.71E-02
1550    1500    1700    1750    2.74E-02
1550    1500    1750    1800    1.35E-02
1550    1500    1800    1850    8.80E-03
1600    1550    1650    1700    3.17E-01
1600    1550    1700    1750    1.20E-01
1600    1550    1750    1800    4.61E-02
1600    1550    1800    1850    2.63E-02
1600    1550    1850    1900    2.26E-02
1650    1600    1700    1750    5.87E-01
1650    1600    1750    1800    1.83E-01
1650    1600    1800    1850    6.57E-02
1650    1600    1850    1900    5.69E-02
1700    1650    1750    1800    6.43E-01
1700    1650    1800    1850    2.39E-01
1700    1650    1850    1900    1.03E-01
