50    0    100    150    4.21
50    0    150    200    3.1
50    0    200    250    3.58
50    0    250    300    4.56
50    0    300    350    3.17
50    0    350    450    2.85
50    0    450    550    7.02
50    0    550    650    23.88
100    50    150    200    4.43
100    50    200    250    4.42
100    50    250    300    5
100    50    300    350    3.92
100    50    350    400    3.23
100    50    400    500    2.8
100    50    500    600    9.42
150    100    200    250    4.55
150    100    250    300    5.4
150    100    300    350    3.91
150    100    350    400    2.9
150    100    400    450    2.39
150    100    450    550    3.76
150    100    550    650    21.44
150    100    650    750    41.44
200    150    250    300    5.25
200    150    300    350    4.19
200    150    350    400    2.76
200    150    400    450    2.04
200    150    450    500    2.66
200    150    500    600    7.45
250    200    300    350    6.55
250    200    350    400    3.36
250    200    400    450    2.75
250    200    450    500    1.85
250    200    500    550    3.63
250    200    550    650    17.77
250    200    750    850    33.87
300    250    350    400    5.35
300    250    400    450    4.55
300    250    450    500    3.41
300    250    500    550    5.36
300    250    550    600    12.91
350    300    400    450    4.41
350    300    450    500    3.35
350    300    500    550    3.56
350    300    550    600    10.89
350    300    600    650    26.49
350    300    650    750    36.71
350    300    750    850    31.91
400    350    450    500    3.36
400    350    500    550    3.18
400    350    550    600    11.41
400    350    600    650    31.31
400    350    650    700    34.92
400    350    700    800    31.89
400    350    800    900    29.54
450    400    500    550    2.67
450    400    550    600    9.8
450    400    600    650    28.57
450    400    650    700    34.21
450    400    700    750    32.15
500    450    550    600    6.91
500    450    600    650    26.67
500    450    650    700    34.56
500    450    700    750    32.71
500    450    750    800    29.74
550    500    600    650    29.16
550    500    650    700    32.09
550    500    700    750    31.33
550    500    750    800    28.74
550    500    800    850    26.71
550    500    850    950    26.19
550    500    950    1050    29.22
550    500    1050    1150    33.94
600    550    650    700    29.07
600    550    700    750    30.04
600    550    750    800    27.47
600    550    800    850    26.54
600    550    850    900    26.5
600    550    900    1000    27.02
600    550    1000    1100    32.61
600    550    1100    1200    35.85
650    600    700    750    18.58
650    600    750    800    23.43
650    600    800    850    26.35
650    600    850    900    29.53
650    600    900    950    30.8
650    600    950    1050    35.25
700    650    750    800    15.55
700    650    800    850    18.53
700    650    850    900    22.84
700    650    900    950    24.96
700    650    950    1000    25.81
700    650    1000    1100    32.06
750    700    800    850    14.14
750    700    850    900    18.66
750    700    900    950    21.81
750    700    950    1000    23.39
750    700    1000    1050    28.21
750    700    1050    1150    32.7
750    700    1150    1250    28.25
800    750    850    900    13.24
800    750    900    950    18.56
800    750    950    1000    21.2
800    750    1000    1050    25.86
800    750    1050    1100    29.98
800    750    1100    1200    33.12
800    750    1200    1300    23.13
850    800    900    950    13.56
850    800    950    1000    18.26
850    800    1000    1050    26.08
850    800    1050    1100    29.15
850    800    1100    1150    32.8
850    800    1150    1250    27
850    800    1250    1350    15.5
900    850    950    1000    15.68
900    850    1100    1150    33.49
900    850    1150    1200    27.58
900    850    1200    1300    21.97
900    850    1300    1400    12.85
950    900    1000    1050    28.79
950    900    1050    1100    34.29
950    900    1100    1150    36.39
950    900    1150    1200    28.36
950    900    1200    1250    26.56
950    900    1250    1350    17.8
1000    950    1050    1100    39.46
1000    950    1100    1150    42.54
1000    950    1150    1200    34.48
1000    950    1300    1400    18.9
1000    950    1500    1600    26.89
1000    950    1200    1250    32.66
1050    1000    1100    1150    44.73
1050    1000    1150    1200    38.68
1050    1000    1200    1250    37.32
1050    1000    1250    1300    30.88
1050    1000    1300    1350    23.39
1050    1000    1350    1450    22.87
1050    1000    1450    1550    26.66
1050    1000    1550    1650    34.76
1100    1050    1150    1200    36.1
1100    1050    1200    1250    35.44
1100    1050    1300    1350    22.36
1100    1050    1350    1400    21.66
1100    1050    1400    1500    19.93
1150    1100    1200    1250    27.93
1150    1100    1250    1300    33.08
1150    1100    1300    1350    30.78
1150    1100    1350    1400    30.3
1150    1100    1400    1450    29.61
1150    1100    1450    1550    30.58
1200    1150    1250    1300    14.37
1200    1150    1300    1350    15.8
1200    1150    1350    1400    15.86
1200    1150    1400    1450    14.05
1200    1150    1450    1500    13.46
1200    1150    1500    1600    21.76
1200    1150    1600    1700    25.45
1200    1150    1700    1800    27.11
1250    1200    1300    1350    11.58
1250    1200    1350    1400    14.63
1250    1200    1400    1450    12.18
1250    1200    1450    1500    10.01
1250    1200    1500    1550    13.41
1250    1200    1550    1650    20.7
1250    1200    1650    1750    22.73
1250    1200    1750    1850    23.86
1300    1250    1350    1400    8.27
1300    1250    1400    1450    6.7
1300    1250    1450    1500    4.84
1300    1250    1500    1550    4.3
1300    1250    1550    1600    12.63
1300    1250    1600    1700    14.58
1300    1250    1700    1800    16.76
1300    1250    1800    1900    15.17
1350    1300    1400    1450    10.38
1350    1300    1450    1500    8.09
1350    1300    1500    1550    4.29
1350    1300    1550    1600    10.94
1350    1300    1600    1650    12.04
1350    1300    1650    1750    13.23
1350    1300    1750    1850    14.35
1400    1350    1450    1500    9.22
1400    1350    1500    1550    2.62
1400    1350    1550    1600    9.45
1400    1350    1600    1650    10.75
1400    1350    1650    1700    11.65
1400    1350    1700    1800    12.96
1400    1350    1800    1900    12.39
1450    1400    1500    1550    1.56
1450    1400    1550    1600    7.88
1450    1400    1600    1650    8.51
1450    1400    1650    1700    10.24
1450    1400    1700    1750    10.83
1450    1400    1750    1850    10.94
1500    1450    1550    1600    7.28
1500    1450    1600    1650    8.13
1500    1450    1650    1700    10.14
1500    1450    1700    1750    11.06
1500    1450    1750    1800    11.38
1500    1450    1800    1900    11.17
1550    1500    1600    1650    8.11
1550    1500    1650    1700    11.11
1550    1500    1700    1750    13.28
1550    1500    1750    1800    14.06
1550    1500    1800    1850    13.59
1600    1550    1650    1700    9.77
1600    1550    1700    1750    13.46
1600    1550    1750    1800    14.83
1600    1550    1800    1850    15.04
1600    1550    1850    1900    15.5
1650    1600    1700    1750    7.52
1650    1600    1750    1800    9.49
1650    1600    1800    1850    10.7
1650    1600    1850    1900    10.62
1700    1650    1750    1800    6.81
1700    1650    1800    1850    6.51
1700    1650    1850    1900    7.27
