5000    0
1900    0
1895    -0.26
1890    -0.56
1885    -0.9
1880    -1.27
1875    -1.67
1870    -2.1
1865    -2.55
1860    -3.02
1855    -3.5
1850    -4
1845    -4.54
1840    -5.15
1835    -5.83
1830    -6.58
1825    -7.37
1820    -8.22
1815    -9.12
1810    -10.05
1805    -11.01
1800    -12
1795    -13.04
1790    -14.15
1785    -15.34
1780    -16.61
1775    -17.95
1770    -19.39
1765    -20.91
1760    -22.51
1755    -24.21
1750    -26
1745    -27.88
1740    -29.84
1735    -31.89
1730    -34
1725    -36.19
1720    -38.44
1715    -40.75
1710    -43.12
1705    -45.54
1700    -48
1695    -50.57
1690    -53.26
1685    -56.05
1680    -58.9
1675    -61.77
1670    -64.61
1665    -67.39
1660    -70.08
1655    -72.63
1650    -75
1645    -77.23
1640    -79.4
1635    -81.51
1630    -83.59
1625    -85.64
1620    -87.67
1615    -89.72
1610    -91.77
1605    -93.86
1600    -96
1595    -98.2
1590    -100.46
1585    -102.77
1580    -105.11
1575    -107.47
1570    -109.83
1565    -112.18
1560    -114.5
1555    -116.78
1550    -119
1545    -121.05
1540    -122.84
1535    -124.38
1530    -125.68
1525    -126.75
1520    -127.6
1515    -128.23
1510    -128.67
1505    -128.93
1500    -129
1495    -128.71
1490    -127.93
1485    -126.79
1480    -125.38
1475    -123.84
1470    -122.27
1465    -120.79
1460    -119.5
1455    -118.54
1450    -118
1445    -117.74
1440    -117.53
1435    -117.41
1430    -117.4
1425    -117.52
1420    -117.8
1415    -118.26
1410    -118.93
1405    -119.84
1400    -121
1395    -122.34
1390    -123.77
1385    -125.3
1380    -126.92
1375    -128.65
1370    -130.48
1365    -132.43
1360    -134.49
1355    -136.68
1350    -139
1345    -141.43
1340    -143.93
1335    -146.49
1330    -149.08
1325    -151.68
1320    -154.27
1315    -156.81
1310    -159.3
1305    -161.7
1300    -164
1295    -166.23
1290    -168.45
1285    -170.67
1280    -172.87
1275    -175.07
1270    -177.26
1265    -179.45
1260    -181.64
1255    -183.82
1250    -186
1245    -188.15
1240    -190.24
1235    -192.29
1230    -194.32
1225    -196.35
1220    -198.39
1215    -200.46
1210    -202.57
1205    -204.75
1200    -207
1195    -209.5
1190    -212.36
1185    -215.51
1180    -218.88
1175    -222.41
1170    -226.02
1165    -229.65
1160    -233.24
1155    -236.71
1150    -240
1145    -243.16
1140    -246.27
1135    -249.32
1130    -252.3
1125    -255.19
1120    -258
1115    -260.69
1110    -263.26
1105    -265.7
1100    -268
1095    -269.84
1090    -270.95
1085    -271.38
1080    -271.19
1075    -270.43
1070    -269.16
1065    -267.43
1060    -265.29
1055    -262.79
1050    -260
1045    -256.92
1040    -253.58
1035    -250.06
1030    -246.42
1025    -242.72
1020    -239.06
1015    -235.48
1010    -232.06
1005    -228.88
1000    -226
995    -223.28
990    -220.55
985    -217.82
980    -215.11
975    -212.42
970    -209.79
965    -207.21
960    -204.71
955    -202.3
950    -200
945    -197.76
940    -195.53
935    -193.3
930    -191.09
925    -188.88
920    -186.69
915    -184.5
910    -182.32
905    -180.16
900    -178
895    -175.84
890    -173.67
885    -171.5
880    -169.34
875    -167.19
870    -165.06
865    -162.97
860    -160.93
855    -158.93
850    -157
845    -155.14
840    -153.34
835    -151.59
830    -149.89
825    -148.22
820    -146.57
815    -144.93
810    -143.3
805    -141.66
800    -140
795    -138.32
790    -136.62
785    -134.92
780    -133.23
775    -131.56
770    -129.93
765    -128.35
760    -126.82
755    -125.37
750    -124
745    -122.82
740    -121.9
735    -121.21
730    -120.69
725    -120.32
720    -120.03
715    -119.8
710    -119.58
705    -119.33
700    -119
695    -118.65
690    -118.34
685    -118.07
680    -117.84
675    -117.64
670    -117.47
665    -117.33
660    -117.2
655    -117.1
650    -117
645    -117.36
640    -118.47
635    -120.16
630    -122.2
625    -124.41
620    -126.59
615    -128.54
610    -130.06
605    -130.94
600    -131
595    -129.99
590    -127.98
585    -125.19
580    -121.87
575    -118.26
570    -114.58
565    -111.07
560    -107.99
555    -105.55
550    -104
545    -103.08
540    -102.33
535    -101.71
530    -101.17
525    -100.66
520    -100.14
515    -99.57
510    -98.88
505    -98.04
500    -97
495    -95.73
490    -94.26
485    -92.66
480    -90.97
475    -89.25
470    -87.54
465    -85.91
460    -84.41
455    -83.09
450    -82
445    -81.31
440    -81.08
435    -81.2
430    -81.54
425    -82
420    -82.46
415    -82.8
410    -82.92
405    -82.69
400    -82
395    -80.92
390    -79.62
385    -78.16
380    -76.59
375    -74.97
370    -73.36
365    -71.79
360    -70.35
355    -69.06
350    -68
345    -67.08
340    -66.2
335    -65.36
330    -64.57
325    -63.83
320    -63.13
315    -62.5
310    -61.93
305    -61.43
300    -61
295    -60.62
290    -60.27
285    -59.98
280    -59.76
275    -59.63
270    -59.61
265    -59.72
260    -59.98
255    -60.4
250    -61
245    -61.72
240    -62.49
235    -63.29
230    -64.14
225    -65.03
220    -65.95
215    -66.91
210    -67.91
205    -68.94
200    -70
195    -71.08
190    -72.17
185    -73.26
180    -74.35
175    -75.45
170    -76.55
165    -77.65
160    -78.77
155    -79.88
150    -81
145    -82.15
140    -83.33
135    -84.55
130    -85.78
125    -87.03
120    -88.27
115    -89.5
110    -90.7
105    -91.87
100    -93
95    -94.04
90    -94.95
85    -95.73
80    -96.4
75    -96.95
70    -97.38
65    -97.7
60    -97.91
55    -98.01
50    -98
45    -97.93
40    -97.84
35    -97.73
30    -97.61
25    -97.49
20    -97.37
15    -97.25
10    -97.15
5    -97.06
0    -97
-3000 -97